356066
2155500
9185792
10860591
10860599
10860602
10860604
16538531
17165658
20675634
26798421
33884891
34864402
35144191
35755560
36349344
41348335
41952293
42763345
45165993
50229487
51905353
56214719
56750161
62117818
62259667
66754395
67198520
70104891
70498479
72560759
74950515
78186814
80904111
82035099
91608763
91677514
101730006
105006031
108511090
109984864
117302788
121096466
142472700
146865191
152519793
152519982
153295119
180481986
185278617
191787065
191788094
194645908
206380457
215211708
261456329
206417
4766638
195861277
310611
29590486
39464018
52039373
70746484
102343794
2194354
